         399
  -1.72237003    
   1.72237003    
   3.44474006    
   4.2369676803474809E-005
   9.2981102139971586E-002
   9.2034571598876297E-009
  -7.1131512520278273E-006
  -1.0982389587367315E-009
   9.2254935015704712E-002
  -2.2566042837751860E-009
  -1.6084834448994167E-004
   4.0610970823615731E-009
   9.0830189560934485E-002
   4.7801947305408065E-009
  -4.4369059834271918E-004
   2.0395448203984435E-010
   8.8771745612484146E-002
  -1.2263752983320214E-008
  -9.1510669212714613E-004
   2.9201322780931344E-008
   8.6208617044959648E-002
  -4.7617367865984651E-009
  -1.7450224477304627E-003
  -1.1634546446136256E-008
   8.3465150514954636E-002
   6.6283937581267224E-009
  -3.5720379933348451E-003
  -1.5469956907420432E-009
   8.1947587534964228E-002
  -1.7213740608237307E-008
  -1.2231243974570205E-002
  -3.4648902043257334E-008
  -1.0121821338922365     
   2.6879701123899387E-008
   1.2846665278840597E-002
   3.5622012234073257E-009
   6.1513243663173789E-002
   2.3375615370766455E-009
   4.3268518084138424E-003
   5.9377885352601125E-008
   5.8761294457469596E-002
   3.8985979199749883E-008
   2.4625235071426971E-003
  -6.3480342546746592E-009
   5.4018587831523815E-002
  -1.0434590550248109E-008
   1.5579470023290160E-003
  -1.7270915122953058E-008
   4.8696239304017133E-002
  -1.8929969113264946E-008
   9.8297048984628821E-004
  -1.3816848025758168E-008
   4.3148681379175893E-002
   8.9211554750014761E-009
   5.6722691374132272E-004
   1.6279172444026951E-008
   3.7548979888306647E-002
   8.1874709479511771E-008
   2.4891938073508257E-004
  -7.0102050235359113E-008
   3.2012664599637045E-002
   6.9179028818627548E-009
   1.6304483184403917E-007
   5.7794354876245587E-008
   2.6631542150401546E-002
   1.2402859233208896E-008
  -1.9208791790072122E-004
  -6.4515261702016843E-008
   2.1477397420277780E-002
   1.8964423191439143E-008
  -3.3307463374344926E-004
   4.5245721210581021E-008
   1.6610771345528061E-002
   1.2718572493078980E-008
  -4.2602342533927529E-004
   1.1070924472842856E-007
   1.2075662613614271E-002
  -6.4214153362474350E-009
  -4.6698438936555731E-004
   4.6412121049952413E-008
   7.9015763259533550E-003
   4.9320453006455314E-008
  -4.4187194462848300E-004
   1.9029382472218553E-008
   4.0897069030601668E-003
  -3.4053401278794190E-008
  -2.8607557654171389E-004
   1.2089935279317114E-007
   5.1557321129870604E-004
   4.5774959031561250E-008
   6.0490415368429085E-004
  -3.0253264767473079E-008
   3.4886208224893508E-002
  -5.2206315949722393E-008
  -1.9281637134727220E-003
  -4.2241224920298577E-008
  -3.6982563387572970E-003
   3.9216347350547642E-008
  -1.0410159298251537E-003
  -2.3235353377123492E-009
  -5.9749682477023697E-003
   5.0071671961349359E-008
  -7.9651659410018283E-004
  -2.4784685234824203E-008
  -7.6670221816239476E-003
   7.6994631975526966E-008
  -6.3078149052576971E-004
  -3.5326898803445753E-009
  -8.9282877499503449E-003
   1.0791349288501780E-008
  -4.8393635134229285E-004
   6.4089006781482848E-008
  -9.8106521016729648E-003
  -3.3737621653838479E-008
  -3.3956976540902920E-004
   3.4515966001362822E-008
  -1.0355561281110356E-002
  -6.1722375959327638E-008
  -1.9252749074476216E-004
  -2.3892102606775691E-009
  -1.0599091716867778E-002
  -6.9492454096437960E-008
  -4.0504444429670383E-005
   2.2823747263157760E-008
  -1.0581626015115905E-002
   3.7891970367507667E-008
   1.1968015015016709E-004
   8.0934937154861697E-008
  -1.0342305917813530E-002
  -3.7356190779656937E-008
   2.9069842098565501E-004
  -3.9000759706117865E-008
  -9.9252565829338474E-003
   1.7869582176363542E-008
   4.8460889015387865E-004
   6.3823258581114165E-008
  -9.3799317141865096E-003
   2.4812565419652212E-008
   7.2133568173658735E-004
  -1.2286750308821391E-007
  -8.7718798825965200E-003
  -6.1585223171069150E-008
   1.0639390622127123E-003
   5.5560575683337660E-008
  -8.2336788748200024E-003
  -3.5161137184686270E-008
   1.7425818844106628E-003
  -3.8307136837752945E-007
  -8.2754300601320524E-003
  -1.3614863800020995E-007
   4.9116873338824335E-003
  -8.7587147994165832E-008
   7.0558186631060407E-002
   4.2691461129071425E-007
  -3.9214051248219889E-003
  -2.3227076510572413E-008
  -2.6188267561940565E-003
   1.7115285697074235E-007
  -1.0668803322333165E-003
   3.2126593149499078E-008
  -2.5882669010347387E-003
  -2.3503239139822550E-007
  -4.6447833784325852E-004
  -2.6451424981599860E-008
  -1.9883989243454766E-003
   6.0794063700802528E-008
  -2.0523327511494469E-004
   5.6860000623382362E-008
  -1.2859216606445753E-003
  -2.1707002167644686E-008
  -7.1947034151990420E-005
   1.9515479984851133E-007
  -5.8422268543288549E-004
  -2.7641911508070318E-008
  -2.2159907525779246E-006
   1.1910907113304244E-007
   7.3086326661643032E-005
  -2.0281385680696179E-008
   2.5518817478155896E-005
   1.3557834494865766E-008
   6.7049839038298229E-004
  -1.2505107568761410E-007
   2.2330032894742578E-005
  -6.9549746323688310E-008
   1.1962855682464838E-003
  -1.0754560963907025E-007
  -6.3178106396591729E-006
   4.6590135331219537E-008
   1.6481665627944156E-003
  -1.5692031645359603E-008
  -6.0135322433694550E-005
   1.3466120676861363E-007
   2.0286612452858491E-003
   1.1534428501268432E-007
  -1.4280132241235952E-004
  -1.7924800202397291E-008
   2.3464340905983297E-003
  -2.9751112110465612E-009
  -2.6560884541744576E-004
  -1.4134244216677003E-007
   2.6266349083749066E-003
  -6.2633300461660199E-008
  -4.6719949583600220E-004
   1.4270616006926170E-007
   2.9353457776142714E-003
  -6.7714588631375165E-008
  -8.9509183579912586E-004
  -8.0734127882791870E-008
   3.5909142006273070E-003
  -5.9971067275968026E-008
  -2.9517284334816402E-003
  -2.1575211542882626E-007
  -3.2099385210528894E-002
   3.4256030290440598E-008
   2.6685364771560777E-003
   7.6959781600553952E-008
   1.1049584875272586E-003
   2.1731977914478872E-007
   8.7071275579312431E-004
  -2.6082182274605971E-008
   1.5596509025713337E-003
  -9.4600045156794234E-008
   4.7053077059737349E-004
  -2.4314290443007425E-008
   1.5974084761241217E-003
   4.8037646213291985E-010
   2.8073439535546054E-004
  -4.5238535567333066E-008
   1.5112346590826645E-003
   1.8419220932085765E-007
   1.6721276624768935E-004
  -4.0631867927643124E-008
   1.3649107992223389E-003
   2.1569307503930559E-007
   9.1092951124082354E-005
  -1.0869203845482751E-007
   1.1870307671370687E-003
  -3.1592023440714856E-008
   3.7095420809886946E-005
   4.0901578007704938E-007
   9.9056349548078213E-004
   2.9927780017667983E-007
   1.9904202104284105E-006
   1.4024306014940886E-008
   7.8792474749790706E-004
   1.6871124292202298E-007
  -2.2098966599618831E-005
   2.1308994013107332E-008
   5.8452078901739899E-004
  -1.0968347646518432E-007
  -3.2571530815887241E-005
  -2.0410768439353385E-007
   3.8470135711842022E-004
   7.1828630237972830E-008
  -3.2913001487445449E-005
   1.1103024372138576E-007
   1.9547780061166756E-004
  -1.5903576541299348E-008
  -2.0138771121420464E-005
  -2.3114888891959031E-007
   1.1604999964652009E-005
   1.2102734608981014E-007
   1.1686871597845448E-005
   4.2330548738223625E-007
  -1.7124591311577699E-004
   8.0484198855708400E-007
   8.7678995945513448E-005
   4.0228309797262288E-007
  -4.1441435221166358E-004
   4.9638949516089955E-007
   4.7853757002190491E-004
   3.0519095950198643E-007
   4.6836078057417444E-003
  -3.8872055800552563E-006
  -5.6086028237324701E-004
   9.1234097027116309E-007
  -1.6280965245184156E-004
   1.1136928926318485E-006
  -2.3044465408687907E-004
   6.7486789706399080E-007
  -3.3506294082861956E-004
   9.6026023410731177E-007
  -1.4856469989887704E-004
  -7.9208207025819764E-007
  -4.1810037574423111E-004
   1.5335914163686374E-007
  -1.0478178981475437E-004
  -7.6017347191650484E-007
  -4.6559065393468515E-004
  -3.4198760784343550E-007
  -7.2726511803359629E-005
  -4.4410612315653845E-007
  -4.8858334286376506E-004
   1.8290790066035180E-007
  -4.6932830678817795E-005
  -2.7347166814471573E-007
  -4.9589120815839074E-004
  -3.8296916034257942E-007
  -2.4974220607113830E-005
  -1.0621980920164477E-007
  -4.8766391486069951E-004
   4.9223387926864825E-007
  -6.5008599417640603E-006
   1.6703794510997214E-007
  -4.6826595922376448E-004
   2.3993799306421112E-007
   1.1242490316406249E-005
   2.5800191148978892E-008
  -4.4115732304515678E-004
   4.5926745145851225E-007
   2.7651624586149358E-005
  -1.2925462757354899E-006
  -4.0618715912091926E-004
  -2.8664438397711656E-007
   4.2463507704085766E-005
  -5.1701146011812801E-007
  -3.6837872752368186E-004
  -4.1360131638893197E-007
   6.0423939681599446E-005
  -4.5620025509800991E-007
  -3.3220326219594778E-004
   1.6475397862783037E-007
   8.2088399892417917E-005
   4.4141787980351904E-007
  -3.0365399404295914E-004
  -3.4065777806968362E-008
   1.2201828978523812E-004
   7.2570100900592018E-007
  -3.1417712229995978E-004
   9.7901469098678152E-007
   3.1588732323149706E-004
  -1.9304457604993981E-007
   1.8285499963142252E-003
  -3.9734032210700832E-006
  -1.9392734979496815E-004
   1.3244442799698313E-006
  -7.4633864880343723E-006
   7.4426928037290728E-007
  -4.4036913820468850E-005
   6.2928881722272524E-007
  -1.7279636685393028E-005
   7.3207919021176697E-007
  -1.2399255838139479E-005
  -7.2546343116527317E-007
   1.8263630067053352E-006
   2.9430579845683615E-007
   3.7081186450484832E-007
   9.3574903879168909E-008
   2.6711674566832523E-005
  -1.5170127409716138E-007
   4.7249395614947995E-006
  -6.6820597894017703E-007
   5.0256719363073275E-005
   1.9511902789743621E-007
   6.7425996479455672E-006
  -1.9333352979476878E-007
   7.0525065012470335E-005
   1.4943346932454996E-007
   4.8262768172621304E-006
   7.0161061013881889E-008
   8.8852543942767072E-005
   1.7903073806958695E-007
   1.2394233587084344E-006
   1.0452999427054124E-007
   1.0236326624736645E-004
   5.1796590666564057E-007
  -2.8288597631190640E-006
   9.4946547067359562E-008
   1.1371376511616713E-004
  -6.5483921342823943E-008
  -8.8215530559413238E-006
  -2.0652674648599266E-007
   1.2382581115978706E-004
  -2.8127941181527866E-007
  -1.7366172288883243E-005
   3.0527662340780557E-008
   1.3131922685040518E-004
  -2.4455736754539371E-008
  -2.8221586092517549E-005
   2.5844720808073079E-008
   1.3904177398117810E-004
   2.0265824701866907E-007
  -4.2188546144809359E-005
   1.6477508202263243E-007
   1.5049619001952872E-004
   6.7124393715893224E-008
  -7.5794908471719415E-005
   1.1264139409606667E-007
   1.9498687779352739E-004
  -6.1783836080673161E-007
  -2.4270518474640932E-004
  -4.9342364494568604E-007
  -1.3032836518031684E-003
  -5.2083735544382857E-008
   1.9004394461440057E-004
  -1.4192568392610216E-007
  -5.3907272425015446E-007
  -2.6866453889612483E-007
   6.0550991052162571E-005
   1.3613299737155228E-007
   3.4124004428108014E-005
   5.9608807981504025E-007
   1.00000000    
   0.00000000    
   0.00000000    
   0.00000000    
   0.00000000    
