   1.00000000    
   0.00000000    
   0.00000000    
   0.00000000    
   0.00000000    
          99
  -2.99679995    
   3.00000000    
   5.99679995    
  -4.8170336673651980E-010
   6.9308247182200395E-010
   4.3667021916406479E-002
   3.6372236918937126E-009
   8.1297646765976450E-002
   9.1633594002794658E-009
  0.10861558501171421     
   1.4268203947800213E-008
  0.12365236822866037     
   1.9248416212777583E-008
  0.12631658211956631     
   2.1806869241682302E-008
  0.11786227332088903     
   2.3514666594084377E-008
  0.10052746905601584     
   2.0271576103518654E-008
   7.7167153564743657E-002
   1.6560207544902939E-008
   5.0838571455107798E-002
   9.2360208682192866E-009
   2.4430281860511521E-002
   2.2928140673998969E-009
   3.8253301493765003E-004
  -4.9976229945610452E-009
  -1.9495493401600079E-002
  -1.3164050083851266E-008
  -3.4108337709452805E-002
  -1.7238942747112022E-008
  -4.3061908419716945E-002
  -1.9959815107799040E-008
  -4.6576744455345015E-002
  -2.0127645003141439E-008
  -4.5352380041802760E-002
  -1.9520941832180398E-008
  -4.0407491674208929E-002
  -2.0765732097461956E-008
  -3.2917590065105806E-002
  -1.7082996954154951E-008
  -2.4068114766703595E-002
  -1.4002231703819630E-008
  -1.4935941438894587E-002
  -1.2715301606683452E-008
  -6.4057413858489730E-003
  -9.2760120927199854E-009
   8.7697559841905281E-004
  -1.0786426976843130E-008
   6.5190215264399921E-003
  -5.3657341961430747E-009
   1.0364563067018551E-002
  -3.2297664572160360E-009
   1.2459490724553898E-002
   5.2909720020487413E-009
   1.3003362908826022E-002
   3.8400517154407033E-009
   1.2296486522484211E-002
   9.2468282617575410E-009
   1.0688592716575060E-002
   9.4056029065141176E-009
   8.5340663174077527E-003
   1.6618481694182015E-008
   6.1567355977968866E-003
   1.5436321771485324E-008
   3.8257472292991621E-003
   1.6647102705736932E-008
   1.7423476439021178E-003
   1.2065661354631315E-008
   3.6452139419392754E-005
   1.0726312469334866E-008
  -1.2289186982063533E-003
   6.2639222271515078E-009
  -2.0476706470931552E-003
  -1.3148920609227062E-009
  -2.4573902348060104E-003
   1.8920057536813506E-009
  -2.5249793580588483E-003
  -1.3487271320108903E-009
  -2.3329594643452614E-003
  -3.3700162254623228E-010
  -1.9675053648669475E-003
  -4.9159582678610784E-009
  -1.5091394144001549E-003
  -2.8563432566605578E-009
  -1.0263097647729405E-003
  -8.5625143032895047E-010
  -5.7180281831328936E-004
  -5.9814218608317874E-009
  -1.8163726574314842E-004
  -4.0877969499746888E-009
   1.2408873586676093E-004
  -4.6578732845234131E-009
   3.3896417351579117E-004
  -1.2966661753613360E-008
   4.6724897435984663E-004
  -8.5785353353453227E-009
   5.2055116882931106E-004
  -9.8009161512153419E-009
   5.1468574687768141E-004
  -8.4164580903795598E-009
   4.6693187764996818E-004
