          77
 -0.280000001    
  0.280000001    
  0.560000002    
 -0.28596560505305779     
  0.26606243639432792     
  -1.0047567999331141E-009
  0.74077917050660835     
   6.9418192989523002E-010
  0.31451405649252029     
  -3.4354203723671108E-009
  -4.0478557651506403E-002
  -5.0048992192697664E-010
  -3.2533272294501564E-002
   1.8056678069293711E-010
  -6.2540582436743070E-002
   1.3275188227625426E-008
  -7.3188765660691449E-002
   2.0401103143324038E-010
  -1.0919769331516595E-002
  -2.4796152940456209E-009
   1.2669640346524104E-002
   3.9437808400975157E-010
   9.6279120621676727E-003
   4.7716261489275872E-009
   1.3719917566998176E-002
  -1.3967398904745428E-008
   7.9705787367950406E-003
  -1.4110211441395099E-008
  -1.9039276326820107E-003
   6.1778773208096471E-009
  -2.7333455632966921E-003
   5.8858336931456759E-009
  -2.0571833649558544E-003
   7.7302851903233321E-009
  -2.1322612582942227E-003
   3.1643279774824044E-008
  -5.1913183050887601E-005
   3.1333582619128648E-008
   1.0099509787761182E-003
  -8.0910282918020415E-009
   7.2861980023634226E-004
  -4.7785460039736832E-009
   6.8969541950399810E-004
   5.8286217455022092E-008
   4.0617480835803375E-004
   2.1006089090347765E-008
   3.9770652133475429E-005
  -1.3248946389586482E-009
  -9.1749375865680938E-007
   1.5384055140915963E-008
   5.2309476961909587E-005
  -2.4677705978241600E-009
   8.8083325491294592E-005
   4.1673945417080498E-009
   1.5698913090795609E-004
   1.5570284173121356E-008
   1.9401563419422195E-004
  -6.5013405209634343E-009
   1.7407730352655450E-004
  -1.6661775241859377E-008
   1.5505083796756546E-004
  -5.6792652814185068E-009
   1.3574201100381190E-004
   9.9391211378023437E-009
   1.1638691454247084E-004
   4.9443603655621916E-009
   1.0978427546332915E-004
   1.3007760418889036E-009
   1.0832067567018676E-004
   1.3925749110522663E-008
   1.0676096719860508E-004
   2.1828332225136502E-008
   1.0390502316088256E-004
   2.2807430257400685E-008
   1.0077191577642121E-004
   2.2588364401164267E-008
   9.4789066584366130E-005
  -8.5580745664214867E-009
   8.8581693752027083E-005
  -3.4779589597649973E-008
   1.00000000    
   0.00000000    
   0.00000000    
   0.00000000    
   0.00000000    
