   1.00000000    
   0.00000000    
   0.00000000    
   0.00000000    
   0.00000000    
          59
   0.00000000    
  0.38000000000000000     
  0.38000000000000000     
  0.22338162654200946     
  0.21087048847889736     
  -8.4534343162561614E-004
  0.17669719731058708     
  -1.1369519868941072E-003
  0.14009470776273214     
  -1.6567399518237600E-003
  0.10766524699472592     
  -1.6791331978188513E-003
   8.1153909715110217E-002
  -1.7162067930006216E-003
   5.9945716136859874E-002
  -1.4738502371170763E-003
   4.3305844922261728E-002
  -1.3312334373553074E-003
   3.0485224101879583E-002
  -1.0124239647090979E-003
   2.0912478190249793E-002
  -8.4234943431397622E-004
   1.3911627262000244E-002
  -5.9382313714681761E-004
   8.9042675730705758E-003
  -4.4015847472692672E-004
   5.2604601220303101E-003
  -2.6031454323225469E-004
   2.6584219465327712E-003
  -1.7707010260772970E-004
   8.5873931979091268E-004
  -5.3321146880482400E-005
  -3.2404191325601217E-004
  -5.7005479914885906E-006
  -1.0335328356935681E-003
   8.4665520722857943E-005
  -1.4283161088924233E-003
   9.6777597900302319E-005
  -1.5849189378496769E-003
   1.3129347403550599E-004
  -1.5640658838138315E-003
   1.2196164341594072E-004
  -1.4845018852207203E-003
   1.1339297936637116E-004
  -1.3506542565450556E-003
   1.0839279006560834E-004
  -1.1938972748853488E-003
   1.2003428862790387E-004
  -1.0251383384265434E-003
   8.8112518362702655E-005
  -8.6563780856569589E-004
   9.0721097634576599E-005
  -7.1965429942106749E-004
   7.1967755447663759E-005
  -6.0011407078617489E-004
   7.3492897049797962E-005
  -4.7807872695944240E-004
   4.8335580930192884E-005
  -3.3876840424041971E-004
   5.3510976173805317E-005
  -1.9730406236389121E-004
   2.5103974800261568E-005
