          59
0
1.3788
0.2298
  -3.1840948648983173E-005
   1.1940912485967285E-004
   1.0843933885688599     
   2.6863487425491669E-005
  -6.4795297933007060E-005
  -1.0697420288668583E-005
   3.6820094207628114E-002
   5.4990580458857074E-005
  -6.0916163578333236E-005
  -6.3376845655528131E-005
  -7.6416126396624429E-002
   2.0451861699013248E-007
  -3.2289377356659635E-005
  -2.6876851217853506E-005
  -3.4850067501211009E-002
  -3.0243265103110201E-005
  -1.1918270368176506E-005
   7.0368144314162198E-006
  -5.0709030486695708E-003
  -2.0390984548794366E-005
  -3.6715185870752454E-006
   1.1773257836551206E-005
   2.0504544527713783E-003
  -4.9553006615384000E-006
  -1.5516872416961947E-006
   5.2638060102099980E-006
   1.4604044516168036E-003
   1.1230181085295236E-006
  -6.5834466576583704E-007
   1.0447658321592569E-006
   3.6979336415927141E-004
   9.1855024163977521E-007
  -2.0516253782724942E-006
  -4.2159822276094817E-007
  -1.9317667546495571E-005
   6.5123707749856056E-007
  -3.1010512803961176E-006
  -1.8278695938192969E-007
  -5.8623166482151277E-005
   3.5869514290775336E-007
  -2.9146228170785836E-006
   7.0230462615272055E-007
  -2.5035935196182884E-005
   2.6511699427871093E-007
  -4.4883785310622639E-006
   4.4270789058192058E-007
  -5.5002345803001156E-006
   1.5647094270672358E-007
  -3.2267464169914468E-006
  -1.7223736299525061E-007
   1.0726041036017160E-006
   3.1946877305599839E-007
   2.6498722436605671E-006
   1.0776269418694487E-007
   2.4149478662241302E-006
   5.6723816362270378E-007
   1.8624881765803402E-006
  -6.3830002132698549E-007
   4.2736348993925046E-006
   1.00000000    
   0.00000000    
   0.00000000    
   0.00000000    
   0.00000000    
