          77
-0.1711
0.1711
0.3422
   4.3203840505157132E-010
  -1.6162005067599239E-009
  0.72108122096927618     
  -3.7841374478375656E-009
  0.50909293667141209     
  -1.8405401647214603E-009
   1.1306578694260962E-003
   9.5326413429575041E-010
  -4.7524293858070082E-002
  -3.6054061958168404E-009
   6.6599171769805093E-002
  -5.3831623603173284E-009
   7.0415751247270909E-004
   5.2757823665317005E-009
  -6.4545243069897215E-002
  -4.0039913606904065E-008
  -2.3086533283371565E-002
  -1.3273941057434513E-008
  -5.0385283974239522E-005
  -4.2483210282995287E-009
  -1.9886531491219484E-002
  -2.0777282117023788E-008
  -1.7195165776411614E-002
   3.2419556372786928E-008
  -2.5283716562264234E-004
  -7.9695100296817145E-008
  -2.8139260870872101E-004
   1.3098400697408863E-009
  -4.2538100866213215E-003
   7.9961083976343161E-008
  -1.3957550301753660E-004
   2.8837650489776934E-008
   2.2938140340059746E-003
   1.0895440105684884E-009
   3.1392542315534263E-004
  -1.3439545032412070E-008
  -2.8847940076141345E-005
   4.6652780305578290E-008
   1.0241289972406618E-003
   5.1895458597073230E-008
   6.7132424085260820E-004
   1.1866123195147793E-008
   2.0962267938897788E-005
  -6.2307838888386868E-009
   1.8467378314978948E-004
  -1.8458551132027878E-008
   2.7760446837011638E-004
  -5.6766340073011179E-008
   3.0725689305935168E-005
  -3.6773804445999758E-008
  -2.3300932021600058E-005
  -5.5916157037927405E-008
   6.3989437207382440E-005
   1.2631069745694390E-008
   3.2358987669896543E-005
   1.1719267156706792E-007
  -1.6296730411320546E-005
   1.5744851289412054E-007
   1.1873111354934835E-005
   1.5431942324006798E-007
   2.8120624349904319E-005
  -8.1378592753367229E-008
   1.3336214486608835E-005
  -1.9885415714071542E-007
   1.4881152291988518E-005
  -5.0030076970131176E-008
   2.7094253436833445E-005
   8.7780298585471428E-008
   2.4868414216549400E-005
   1.4050854996172646E-007
   2.1934995748673820E-005
  -1.1369082364431904E-007
   2.4722316978779557E-005
   6.3518361237413501E-008
   2.5928155049133268E-005
   8.9434029071355781E-008
   2.3169343991662704E-005
   1.00000000    
   0.00000000    
   0.00000000    
   0.00000000    
   0.00000000    
