          77
 -0.280000001    
  0.280000001    
  0.560000002    
 -0.28596560505305779     
  0.26606243639432792     
  -1.0047567999331141E-009
  0.74077917050660835     
   6.9418192989523002E-010
  0.31451405649252029     
  -3.4354203723671108E-009
  -4.0478557651506403E-002
  -5.0048992192697664E-010
  -3.2533272294501564E-002
   1.8056678069293711E-010
  -6.2540582436743070E-002
   1.3275188227625426E-008
  -7.3188765660691449E-002
   2.0401103143324038E-010
  -1.0919769331516595E-002
  -2.4796152940456209E-009
   1.2669640346524104E-002
   3.9437808400975157E-010
   9.6279120621676727E-003
   4.7716261489275872E-009
   1.3719917566998176E-002
  -1.3967398904745428E-008
   7.9705787367950406E-003
  -1.4110211441395099E-008
  -1.9039276326820107E-003
   6.1778773208096471E-009
  -2.7333455632966921E-003
   5.8858336931456759E-009
  -2.0571833649558544E-003
   7.7302851903233321E-009
  -2.1322612582942227E-003
   3.1643279774824044E-008
  -5.1913183050887601E-005
   3.1333582619128648E-008
   1.0099509787761182E-003
  -8.0910282918020415E-009
   7.2861980023634226E-004
  -4.7785460039736832E-009
   6.8969541950399810E-004
   5.8286217455022092E-008
   4.0617480835803375E-004
   2.1006089090347765E-008
   3.9770652133475429E-005
  -1.3248946389586482E-009
  -9.1749375865680938E-007
   1.5384055140915963E-008
   5.2309476961909587E-005
  -2.4677705978241600E-009
   8.8083325491294592E-005
   4.1673945417080498E-009
   1.5698913090795609E-004
   1.5570284173121356E-008
   1.9401563419422195E-004
  -6.5013405209634343E-009
   1.7407730352655450E-004
  -1.6661775241859377E-008
   1.5505083796756546E-004
  -5.6792652814185068E-009
   1.3574201100381190E-004
   9.9391211378023437E-009
   1.1638691454247084E-004
   4.9443603655621916E-009
   1.0978427546332915E-004
   1.3007760418889036E-009
   1.0832067567018676E-004
   1.3925749110522663E-008
   1.0676096719860508E-004
   2.1828332225136502E-008
   1.0390502316088256E-004
   2.2807430257400685E-008
   1.0077191577642121E-004
   2.2588364401164267E-008
   9.4789066584366130E-005
  -8.5580745664214867E-009
   8.8581693752027083E-005
  -3.4779589597649973E-008
          99
  -2.99679995    
   3.00000000    
   5.99679995    
  -4.8170336673651980E-010
   6.9308247182200395E-010
   4.3667021916406479E-002
   3.6372236918937126E-009
   8.1297646765976450E-002
   9.1633594002794658E-009
  0.10861558501171421     
   1.4268203947800213E-008
  0.12365236822866037     
   1.9248416212777583E-008
  0.12631658211956631     
   2.1806869241682302E-008
  0.11786227332088903     
   2.3514666594084377E-008
  0.10052746905601584     
   2.0271576103518654E-008
   7.7167153564743657E-002
   1.6560207544902939E-008
   5.0838571455107798E-002
   9.2360208682192866E-009
   2.4430281860511521E-002
   2.2928140673998969E-009
   3.8253301493765003E-004
  -4.9976229945610452E-009
  -1.9495493401600079E-002
  -1.3164050083851266E-008
  -3.4108337709452805E-002
  -1.7238942747112022E-008
  -4.3061908419716945E-002
  -1.9959815107799040E-008
  -4.6576744455345015E-002
  -2.0127645003141439E-008
  -4.5352380041802760E-002
  -1.9520941832180398E-008
  -4.0407491674208929E-002
  -2.0765732097461956E-008
  -3.2917590065105806E-002
  -1.7082996954154951E-008
  -2.4068114766703595E-002
  -1.4002231703819630E-008
  -1.4935941438894587E-002
  -1.2715301606683452E-008
  -6.4057413858489730E-003
  -9.2760120927199854E-009
   8.7697559841905281E-004
  -1.0786426976843130E-008
   6.5190215264399921E-003
  -5.3657341961430747E-009
   1.0364563067018551E-002
  -3.2297664572160360E-009
   1.2459490724553898E-002
   5.2909720020487413E-009
   1.3003362908826022E-002
   3.8400517154407033E-009
   1.2296486522484211E-002
   9.2468282617575410E-009
   1.0688592716575060E-002
   9.4056029065141176E-009
   8.5340663174077527E-003
   1.6618481694182015E-008
   6.1567355977968866E-003
   1.5436321771485324E-008
   3.8257472292991621E-003
   1.6647102705736932E-008
   1.7423476439021178E-003
   1.2065661354631315E-008
   3.6452139419392754E-005
   1.0726312469334866E-008
  -1.2289186982063533E-003
   6.2639222271515078E-009
  -2.0476706470931552E-003
  -1.3148920609227062E-009
  -2.4573902348060104E-003
   1.8920057536813506E-009
  -2.5249793580588483E-003
  -1.3487271320108903E-009
  -2.3329594643452614E-003
  -3.3700162254623228E-010
  -1.9675053648669475E-003
  -4.9159582678610784E-009
  -1.5091394144001549E-003
  -2.8563432566605578E-009
  -1.0263097647729405E-003
  -8.5625143032895047E-010
  -5.7180281831328936E-004
  -5.9814218608317874E-009
  -1.8163726574314842E-004
  -4.0877969499746888E-009
   1.2408873586676093E-004
  -4.6578732845234131E-009
   3.3896417351579117E-004
  -1.2966661753613360E-008
   4.6724897435984663E-004
  -8.5785353353453227E-009
   5.2055116882931106E-004
  -9.8009161512153419E-009
   5.1468574687768141E-004
  -8.4164580903795598E-009
   4.6693187764996818E-004
